1 0.435000 0.560667 0.134000 0.084000
1 0.591000 0.571333 0.118000 0.081333
1 0.480000 0.456667 0.088000 0.044000
1 0.378000 0.452000 0.064000 0.045333
1 0.853000 0.801333 0.206000 0.104000
1 0.571000 0.431333 0.074000 0.033333
1 0.407692 0.409231 0.046154 0.026667
1 0.364231 0.385641 0.042308 0.027692
3 0.944231 0.530769 0.046923 0.059487
2 0.846923 0.537949 0.143077 0.072821
2 0.257308 0.388974 0.065385 0.041538
2 0.423846 0.356410 0.044615 0.036923
2 0.332308 0.357692 0.041538 0.025128
1 0.269231 0.323077 0.040000 0.017436
1 0.376923 0.344615 0.036923 0.022564