2 0.590594 0.187333 0.095923 0.142667
2 0.321476 0.083333 0.031974 0.062667
1 0.702505 0.917333 0.202505 0.157333
1 0.803757 0.583333 0.161649 0.190667
1 0.588818 0.514667 0.117240 0.160000
1 0.336131 0.520000 0.109246 0.146667
1 0.270406 0.331333 0.070166 0.097333
1 0.221112 0.810000 0.198952 0.350667
1 0.376543 0.254667 0.058620 0.085333
1 0.543077 0.325333 0.070166 0.096000
1 0.686518 0.352000 0.079936 0.101333
1 0.517319 0.241333 0.048850 0.056000
1 0.508438 0.157333 0.032863 0.048000
1 0.486805 0.201667 0.033307 0.048333
1 0.327210 0.160000 0.032752 0.040000
1 0.358574 0.123750 0.024425 0.037500
1 0.463213 0.173750 0.032752 0.040833
1 0.453498 0.119167 0.021094 0.033333