1 0.521778 0.622000 0.054222 0.065333
1 0.620000 0.545333 0.040889 0.069333
1 0.687556 0.524667 0.040889 0.054667
1 0.610667 0.663333 0.050667 0.073333
1 0.522222 0.714667 0.062222 0.074667
1 0.648444 0.811333 0.046222 0.078667
1 0.779111 0.678667 0.035556 0.069333
1 0.794222 0.578667 0.033778 0.061333
1 0.840444 0.505333 0.039111 0.056000
1 0.934667 0.462000 0.033778 0.054667
1 0.764000 0.420667 0.030222 0.041333
1 0.805778 0.426000 0.026667 0.038667
1 0.834343 0.388485 0.024646 0.031515
1 0.729899 0.388788 0.030707 0.034545
1 0.453072 0.726275 0.062745 0.059608