1 0.314935 0.818441 0.219156 0.363118
1 0.647321 0.819882 0.229708 0.360236
1 0.906250 0.835011 0.187500 0.329978
1 0.855114 0.490634 0.198864 0.315550
1 0.627841 0.489193 0.185877 0.301141
1 0.425325 0.487753 0.199675 0.301141
1 0.165990 0.350150 0.193994 0.299700
1 0.204951 0.103041 0.148539 0.203162
1 0.427354 0.271623 0.177760 0.171463
1 0.624594 0.247848 0.143669 0.193076
1 0.624188 0.075665 0.147727 0.148409
1 0.826299 0.240644 0.186688 0.184431
1 0.814529 0.071342 0.163149 0.128237
1 0.431818 0.117450 0.170455 0.162818