1 0.104000 0.796667 0.086000 0.052000
1 0.309000 0.702000 0.076000 0.062667
1 0.384000 0.642000 0.070000 0.062667
1 0.482500 0.752667 0.067000 0.057333
1 0.560000 0.745333 0.058000 0.061333
1 0.661500 0.726000 0.065000 0.049333
1 0.535000 0.590000 0.050000 0.041333
1 0.557500 0.541333 0.043000 0.048000
1 0.592500 0.482000 0.035000 0.038667
1 0.627000 0.532000 0.042000 0.034667
1 0.670000 0.450000 0.030000 0.041333
1 0.710500 0.456000 0.029000 0.040000
1 0.802500 0.545333 0.041000 0.045333
1 0.839500 0.509333 0.029000 0.034667
1 0.876000 0.447333 0.024000 0.038667
1 0.673889 0.391852 0.026667 0.034074
1 0.743056 0.409630 0.025000 0.031111
1 0.754167 0.375556 0.020556 0.029630
1 0.718611 0.338519 0.020556 0.023704
1 0.882222 0.409259 0.033333 0.036296
1 0.834444 0.375926 0.023333 0.022963
1 0.851944 0.337037 0.019444 0.025185
1 0.920833 0.443704 0.025000 0.034074
1 0.925278 0.398148 0.022778 0.033333
1 0.916111 0.364074 0.023333 0.028889