1 0.407928 0.741333 0.071841 0.106667
1 0.356318 0.622667 0.052848 0.082667
1 0.414534 0.550667 0.042114 0.056000
1 0.534269 0.514000 0.032205 0.049333
1 0.598678 0.524667 0.032205 0.054667
1 0.639553 0.524667 0.031379 0.054667
1 0.679189 0.618667 0.047894 0.069333
1 0.770023 0.734000 0.067712 0.100000
1 0.346409 0.472000 0.021470 0.034667
1 0.526235 0.479091 0.024397 0.029697
1 0.477064 0.430000 0.016140 0.023636
1 0.454168 0.430909 0.016140 0.024242
1 0.359582 0.436061 0.016140 0.022424
1 0.334246 0.438485 0.016515 0.020000
1 0.345506 0.417879 0.013512 0.018788
2 0.148640 0.722667 0.161023 0.320000
2 0.290670 0.538000 0.073492 0.172000
2 0.322875 0.405333 0.023947 0.050667