1 0.616171 0.468667 0.140206 0.102667
1 0.700295 0.315333 0.104153 0.065333
1 0.385832 0.240667 0.068100 0.062667
1 0.188541 0.379333 0.082121 0.078667
1 0.243622 0.294000 0.088130 0.046667
1 0.311723 0.207333 0.076112 0.049333
1 0.559087 0.224000 0.078115 0.050667
1 0.667246 0.227333 0.086127 0.054667
1 0.037687 0.573333 0.075374 0.157333
1 0.026671 0.401333 0.053342 0.074667
1 0.548071 0.109333 0.044065 0.029333
2 0.923255 0.324000 0.153490 0.168000
2 0.792431 0.209333 0.136201 0.093333
2 0.728336 0.164667 0.080118 0.062667
2 0.653226 0.098000 0.070103 0.060000
2 0.102414 0.314000 0.138204 0.110667