1 0.211922 0.449333 0.036703 0.048000
1 0.179913 0.374000 0.040971 0.054667
1 0.118030 0.344000 0.029875 0.045333
1 0.946841 0.646667 0.087917 0.085333
1 0.598160 0.321333 0.039264 0.064000
1 0.455188 0.203333 0.031582 0.049333
1 0.160708 0.235333 0.029875 0.044000
1 0.157294 0.186000 0.038410 0.033333
1 0.145771 0.138667 0.035850 0.037333
1 0.179060 0.314000 0.034143 0.041333
2 0.453481 0.615333 0.229609 0.553333
2 0.659190 0.605333 0.180102 0.448000
2 0.137235 0.498000 0.097306 0.156000
2 0.456041 0.060000 0.050360 0.106667
2 0.390317 0.050667 0.043532 0.088000