1 0.271000 0.656000 0.122000 0.138667
1 0.255500 0.490000 0.067000 0.081333
1 0.549000 0.616000 0.096000 0.130667
1 0.669500 0.605333 0.101000 0.128000
1 0.844000 0.534000 0.070000 0.110667
1 0.609000 0.488667 0.070000 0.094667
1 0.522500 0.516667 0.073000 0.084000
1 0.491000 0.424667 0.042000 0.046667
1 0.643000 0.427333 0.050000 0.049333
2 0.739000 0.455333 0.146000 0.214667
2 0.059500 0.694000 0.119000 0.193333
2 0.300500 0.328667 0.043000 0.060000
2 0.559000 0.387333 0.068000 0.105333
2 0.889000 0.811333 0.222000 0.377333