0 0.518000 0.380000 0.180000 0.200000
1 0.549333 0.602667 0.152000 0.192000
1 0.606667 0.259333 0.061333 0.054667
1 0.609333 0.205333 0.048000 0.032000
1 0.682000 0.228667 0.041333 0.044000
1 0.736000 0.193333 0.032000 0.040000
1 0.196000 0.606000 0.130667 0.116000
1 0.164667 0.269333 0.036000 0.045333
1 0.208000 0.235333 0.045333 0.046667
1 0.320667 0.201333 0.046667 0.029333
1 0.307333 0.406000 0.102667 0.073333
4 0.265333 0.279333 0.026667 0.044000
4 0.314000 0.262000 0.025333 0.052000
4 0.374000 0.249333 0.025333 0.066667
4 0.414000 0.226667 0.025333 0.050667
1 0.540667 0.222000 0.065333 0.070667
2 0.779333 0.166667 0.065333 0.058667